100
0
0
0
-1
1
0
0
1
-1
0
0
-1
-1
0
-1
0
-1
0
0
0
0
1
-1
-1
0
0
1
0
1
1
-1
-1
-1
0
1
1
1
1
-1
-1
1
-1
0
0
0
0
1
-1
1
0
1
-1
1
1
-1
0
-1
1
-1
0
1
1
1
-1
-1
0
0
0
1
1
1
1
0
0
-1
-1
0
1
0
0
1
-1
-1
0
1
1
0
1
1
0
1
1
0
-1
0
0
1
-1
0
0
144
0 71 0.7561015452926687 0.9999999993016637
0 23 0.9500153368287602 0.9641950737019345
1 5 0.8920003254562572 0.9796062861051092
2 9 0.9076213189816217 0.9801549436914743
2 15 0.8604271293387236 0.6453675706697858
2 37 0.9299235914682729 0.9714948724923397
2 23 0.9474747350023855 0.9924257032276876
3 61 0.9305304543884232 0.9336720538554288
4 23 0.9517711804418653 0.39101251461044173
4 39 0.9032128776398154 0.10386140070538608
4 97 0.6737107450809552 0.8262856687073925
4 27 0.9992172148725335 0.9955370543728027
5 56 0.8363529824517459 0.9189321850245884
6 97 0.7846912378363569 0.9791577650314175
7 86 0.9475730316843195 0.28265937959430343
7 49 0.9911455753779201 0.9996497896309963
8 87 0.9538162769229174 0.9659415285698787
9 15 0.9104500654328089 0.41515965722631754
9 37 0.8450909368563688 0.9942987592064488
10 20 0.9889714757568303 0.9904037601738566
10 43 0.9781477840679121 0.9927037315317649
10 29 0.9567163803790386 0.7900418980363572
11 53 0.9004928437791622 0.357240096394849
11 74 0.8252327452093987 0.8349792164145153
12 63 0.9931213255984672 0.9939048029422284
13 22 0.9365610754767095 0.9999563449105126
14 24 0.971811988999046 0.7801861963801238
14 65 0.9381292252101578 0.9991569497484334
14 77 0.882391199845938 0.983544712467152
14 79 0.9587273257493476 0.991742751040151
14 62 0.9983905005642004 0.9992142803840457
15 23 0.9964723541427899 0.8782012595200657
16 22 0.9440739111964647 0.9804862288485711
17 38 0.9471580860921995 0.9999996154990148
17 55 0.8299719649831543 0.7662563574964931
18 99 0.7768925865648775 0.9780876761610736
19 82 0.7902379602313865 0.9959921840725924
20 43 0.9162525607792894 0.9999999983815988
20 29 0.9940208488577191 0.908080518302642
21 75 0.6405232276049029 0.841163041236762
21 73 0.8917986668911191 0.9999302820477851
22 98 0.9547070789092928 0.9929687196486714
23 71 0.8890009044802829 0.9765522351923854
23 86 0.9691300476646165 0.839054178013334
24 41 0.9137199479951374 0.9966375305884168
25 41 0.8104030915485638 0.9519924922384948
25 77 0.9330719176285783 0.878218033872996
25 45 0.8290198683913124 0.99999947494892
26 57 0.6394546134521331 0.9809780461926713
27 97 0.797405828458126 0.8668128326434217
27 46 0.9030948821613566 0.9916959952124409
28 40 0.9273112908553962 0.999683638569888
29 95 0.9611165581725185 0.9407328557985948
29 85 0.7752930245249152 0.9854214416162864
30 78 0.8804852190391783 0.8762417300731746
30 88 0.8368655990580629 0.9883544674344604
30 55 0.747277382619709 0.7000514769042374
31 45 0.9478490517832258 0.419361022348261
31 60 0.9708459250008366 0.8448003022822321
31 90 0.894754277862621 0.9913198100521641
31 77 0.9650719429049323 0.8983101318461765
32 72 0.8187561545983784 0.9999999993243047
33 64 0.9669899186482395 0.9993647829095009
34 50 0.819007037758591 0.9999887057665199
35 58 0.9640632202963488 0.8567326410256793
35 40 0.8261299758294978 0.940845645039123
36 70 0.7280427602639788 0.9873698706134372
36 73 0.8362952852140726 0.9940884363400708
36 80 0.9487825781149316 0.996339243726167
37 86 0.8242044992969324 0.8905044736525836
38 55 0.7764831322090867 0.7709514324704791
39 61 0.9835568239822647 0.9707378626639425
40 59 0.8627897021564561 0.9165329168047828
41 94 0.8634572775631877 0.9783199851817116
42 95 0.6031400585657769 0.9048722690859123
43 85 0.9800774951595702 0.6267217093766977
44 51 0.9636379709066947 0.9997477807643252
44 91 0.9445164944674744 0.8833853197956124
45 75 0.8004359195525487 0.9908006281600666
46 52 0.8206966605160295 0.9736475003866686
46 97 0.986554011447391 0.8245999730668905
47 76 0.866281970278096 0.9995119974549972
48 83 0.8575735715088633 0.8349786364537892
49 81 0.7818746125021009 0.9904044760655202
50 90 0.9471314566406204 0.9802775784824794
51 91 0.9012893382421943 0.8356904116232514
52 97 0.9409650530746999 0.41862256437682543
53 71 0.8304210998817689 0.946918995422109
53 86 0.9415974651857718 0.843938225646049
54 87 0.6543316389136136 0.5868902356267702
55 78 0.8575019748837939 0.9981750847220314
56 96 0.7730523212238107 0.26227021628920677
57 78 0.751163728232056 0.18408439073411176
57 82 0.9883830078053883 0.5806368166396769
58 89 0.8399750448910437 0.6217376327588519
59 96 0.9994430824980267 0.4696055839705553
60 93 0.9883632561619282 0.9991730490726833
61 98 0.9574957775558972 0.4608225050096729
62 65 0.9922037021697723 0.9999999998573609
62 79 0.9165894928656249 0.9995736351231829
62 94 0.988404513557636 0.9449602269698473
63 84 0.7640671774796723 0.8304718015831918
64 67 0.8685636110538505 0.6632389371342642
65 79 0.8269159393010929 0.9998618126708649
65 77 0.931222402303413 0.9360347112704935
66 67 0.8992752290296337 0.9066563162790785
67 76 0.8145756011678913 0.4822705069092682
68 89 0.9991968482546194 0.9999846453864643
69 81 0.7593147774203051 0.8563893392520321
70 80 0.9377566447295361 0.9999998637483825
71 86 0.9747435628345726 0.7752783835972897
72 82 0.926803369752342 0.7957527648876817
73 99 0.9548708590194865 0.7918292583885416
73 80 0.9889086668509954 0.9536366680610658
74 81 0.8664534576429574 0.9453891828834896
74 92 0.996153386599586 0.46062328500691574
75 99 0.9842486273936377 0.23677198389658816
75 80 0.7838593115114108 0.9577781743502605
76 94 0.8915555070140846 0.7193700287388447
77 79 0.9705613065049272 0.958267972253779
78 88 0.9543373824181427 0.9956071209139206
78 94 0.9904696951968215 0.0716830609487874
79 94 0.9159953977257711 0.8370444690606167
80 84 0.991354311516598 0.6680403317331793
81 92 0.6808972572150049 0.7970932983166342
81 86 0.9883192125477944 0.13306897045062893
82 85 0.996692158611381 0.14542897293533663
83 97 0.899609431935853 0.5389839413062024
84 99 0.7791594916587543 0.9630428076412684
85 95 0.9503653946971962 0.9999889630971318
85 90 0.9017447767044744 0.31941438060540406
86 89 0.9874519555530896 0.08221863236612692
87 91 0.8796535707855531 0.9898643819035001
88 94 0.9967948085916689 0.06343043353597833
89 97 0.8500208299464622 0.5835064118702902
90 93 0.7957527253795899 0.6145404974423885
91 98 0.9457639657178252 0.18861204845732715
92 99 0.9247055660711825 0.15982069374914099
93 98 0.9975972543047139 0.2567001076830123
94 95 0.9152651846675783 0.06486119334368645
95 98 0.6897226458026959 0.0024525139426112563
96 97 0.9000926465563541 0.0005685538638003917
97 98 0.9605285458976541 0.002438787799089792
98 99 0.8575733284267828 0.20768040203522753
